,Radnummer,Clearingnummer,Kontonummer,Produkt,Valuta,Bokforingsdag,Transaktionsdag,Valutadag,Referens,Beskrivning,Belopp,Bokfort saldo
0,1,07466,0001238575,"Sparkapitalkonto",SEK,2022-11-28,2022-11-28,2022-11-28,"spara","spara",9996.00,570000.00
1,2,07466,0001238575,"Sparkapitalkonto",SEK,2022-11-08,2022-11-08,2022-11-09,"4108150054317458","Bg kontoinsattning",4.00,560004.00
2,3,07466,0001238575,"Sparkapitalkonto",SEK,2022-08-29,2022-08-28,2022-08-28,"816959734061048","overforing via internet",58245.00,560000.00
3,4,07466,0001238575,"Sparkapitalkonto",SEK,2022-06-28,2022-06-28,2022-06-29,"4108150054317458","Bg kontoinsattning",5.00,501755.00
4,5,07466,0001238575,"Sparkapitalkonto",SEK,2022-06-22,2022-06-23,2022-06-27,"Fordonskatt","Fordonskatt",1750.00,501750.00
5,6,07466,0001238575,"Sparkapitalkonto",SEK,2022-06-17,2022-06-17,2022-06-17,"jamna ut","jamna ut",266.00,500000.00
6,7,07466,0001238575,"Sparkapitalkonto",SEK,2022-06-08,2022-06-08,2022-06-09,"SK8909302716","SK8909302716",18734.00,499734.00
7,8,07466,0001238575,"Sparkapitalkonto",SEK,2022-02-28,2022-02-28,2022-02-28,"cashing","cashing",30000.00,481000.00
8,9,7466,1238575,Sparkapitalkonto,SEK,2021-12-20,2021-12-19,2021-12-20,alskar er,overforing alskar er,50000.0,451000.0
9,10,7466,1238575,Sparkapitalkonto,SEK,2021-10-08,2021-10-08,2021-10-08,816959734061048,overforing via internet,10000.0,401000.0
10,11,7466,1238575,Sparkapitalkonto,SEK,2021-10-04,2021-10-04,2021-10-04,816959734061048,overforing via internet,-2000.0,391000.0
11,12,7466,1238575,Sparkapitalkonto,SEK,2021-10-04,2021-10-02,2021-10-02,816959734061048,overforing via internet,-5000.0,393000.0
12,13,7466,1238575,Sparkapitalkonto,SEK,2021-10-04,2021-10-02,2021-10-02,816959734061048,overforing via internet,-2000.0,398000.0
13,14,7466,1238575,Sparkapitalkonto,SEK,2021-09-28,2021-09-28,2021-09-28,816959734061048,overforing via internet,-5000.0,400000.0
14,15,7466,1238575,Sparkapitalkonto,SEK,2021-09-03,2021-09-03,2021-09-03,816959734061048,overforing via internet,10000.0,405000.0
15,16,7466,1238575,Sparkapitalkonto,SEK,2021-09-03,2021-09-03,2021-09-03,816959734061048,overforing via internet,4890.0,395000.0
16,17,7466,1238575,Sparkapitalkonto,SEK,2021-08-13,2021-08-13,2021-08-13,816959734061048,overforing via internet,-10000.0,390110.0
17,18,7466,1238575,Sparkapitalkonto,SEK,2021-08-02,2021-07-31,2021-07-30,816959734061048,overforing via internet,-10000.0,400110.0
18,19,7466,1238575,Sparkapitalkonto,SEK,2021-06-28,2021-06-27,2021-06-27,bra joobbat,bra joobbat,34335.0,410110.0
19,20,7466,1238575,Sparkapitalkonto,SEK,2021-06-08,2021-06-08,2021-06-09,SK8909302716,SK8909302716,15775.0,375775.0
20,21,7466,1238575,Sparkapitalkonto,SEK,2021-06-04,2021-06-04,2021-06-04,hoj,hoj,-40000.0,360000.0
21,22,7466,1238575,Sparkapitalkonto,SEK,2021-03-25,2021-03-25,2021-03-25,816959734061048,overforing via internet,74424.65,400000.0
22,23,7466,1238575,Sparkapitalkonto,SEK,2021-03-25,2021-03-25,2021-03-25,816959734061048,overforing via internet,10000.0,325575.35
23,24,7466,1238575,Sparkapitalkonto,SEK,2020-12-28,2020-12-24,2020-12-28,GodJul MoF,overforing GodJul MoF,3000.0,315575.35
24,25,7466,1238575,Sparkapitalkonto,SEK,2020-10-23,2020-10-23,2020-10-26,Grattis alskar d,overforing Grattis alskar d,2000.0,312575.35
25,26,7466,1238575,Sparkapitalkonto,SEK,2020-07-20,2020-07-20,2020-07-21,alskar dig,overforing alskar dig,15000.0,310575.35
26,27,7466,1238575,Sparkapitalkonto,SEK,2020-06-09,2020-06-09,2020-06-10,SK8909302716,SK8909302716,15531.0,295575.35
27,28,7466,1238575,Sparkapitalkonto,SEK,2020-06-08,2020-06-07,2020-06-07,816959734061048,overforing via internet,15000.0,280044.35
28,29,7466,1238575,Sparkapitalkonto,SEK,2020-02-10,2020-02-09,2020-02-09,816959734061048,overforing via internet,-5000.0,265044.35
29,30,7466,1238575,Sparkapitalkonto,SEK,2020-02-04,2020-02-04,2020-02-04,816959734061048,overforing via internet,-6000.0,270044.35
30,31,7466,1238575,Sparkapitalkonto,SEK,2020-02-03,2020-02-02,2020-02-02,816959734061048,overforing via internet,-4000.0,276044.35
31,32,7466,1238575,Sparkapitalkonto,SEK,2020-01-30,2020-01-30,2020-01-30,816959734061048,overforing via internet,-4000.0,280044.35
32,33,7466,1238575,Sparkapitalkonto,SEK,2020-01-29,2020-01-29,2020-01-29,816959734061048,overforing via internet,-6000.0,284044.35
33,34,7466,1238575,Sparkapitalkonto,SEK,2020-01-27,2020-01-27,2020-01-27,816959734061048,overforing via internet,32000.0,290044.35
34,35,7466,1238575,Sparkapitalkonto,SEK,2020-01-20,2020-01-20,2020-01-20,816959734061048,overforing via internet,-10000.0,258044.35
35,36,7466,1238575,Sparkapitalkonto,SEK,2019-12-30,2019-12-29,2019-12-29,816959734061048,overforing via internet,60000.0,268044.35